UserID: 1338724139 | Time: 2024-07-22 08:40:18.887828 | Command: /bgmi | Target: 20.204.39.58 | Port: 12050 | Time: 60
Username: @Sivsiv11
Target: 20.204.39.58
Port: 12050
Time: 60

UserID: 1338724139 | Time: 2024-07-22 08:40:26.166039 | Command: /bgmi | Target: 20.204.39.58 | Port: 12050 | Time: 60
Username: @Sivsiv11
Target: 20.204.39.58
Port: 12050
Time: 60

UserID: 1338724139 | Time: 2024-07-22 08:40:31.851526 | Command: /bgmi | Target: 20.204.39.58 | Port: 12050 | Time: 60
Username: @Sivsiv11
Target: 20.204.39.58
Port: 12050
Time: 60

